#{"t_start": 1774909577.410832, "env_id": "HalfCheetah-v4"}
r,l,t
-0.513432,1000,4.236332
-0.642051,1000,4.842957
-0.326861,1000,5.452782
-1.257576,1000,6.060697
-0.238707,1000,6.670178
0.027892,1000,7.279122
-0.188294,1000,7.886642
-0.677469,1000,8.499211
-0.120163,1000,9.106876
0.749873,1000,9.714784
-0.999032,1000,10.322681
0.047957,1000,10.931027
-0.456462,1000,11.539421
-1.695671,1000,12.147223
1.04969,1000,12.754412
-0.395048,1000,13.36964
-1.788058,1000,13.980605
-0.766357,1000,14.591804
0.105522,1000,15.200653
0.770814,1000,15.809328
-1.112107,1000,25.670079
0.23174,1000,26.28483
-0.391948,1000,26.89181
-0.195158,1000,27.501271
-0.730782,1000,28.119003
-0.233118,1000,28.734727
-1.549656,1000,29.353547
-0.992116,1000,29.966161
-1.898011,1000,30.575872
-0.507241,1000,31.183431
-1.240629,1000,31.791904
-0.901001,1000,32.399791
0.924722,1000,33.006518
-0.309101,1000,33.614954
-1.269799,1000,34.222585
-0.134629,1000,34.837814
-0.972916,1000,35.445797
0.317876,1000,36.055417
-0.581333,1000,36.663324
-0.080834,1000,37.273963
-1.458578,1000,40.37806
-0.047798,1000,40.986591
-0.523243,1000,41.595318
0.438438,1000,42.204149
-0.501347,1000,42.811171
-1.22296,1000,43.4179
0.210015,1000,44.025414
0.041678,1000,44.632041
-1.201282,1000,45.242455
-1.357768,1000,45.848443
-0.749802,1000,46.455301
0.40108,1000,47.062292
-0.941623,1000,47.678756
0.20158,1000,48.294042
-1.105567,1000,48.901142
-1.127265,1000,49.508939
0.926894,1000,50.11841
-0.371247,1000,50.731778
-0.952436,1000,51.341225
-0.646786,1000,51.94925
-0.23139,1000,61.707687
0.057855,1000,62.320995
-0.278513,1000,62.932171
-0.267108,1000,63.546141
0.134338,1000,64.158054
-0.54861,1000,64.76989
-1.694423,1000,65.382803
0.330105,1000,65.99848
-1.249374,1000,66.614209
0.412657,1000,67.232406
0.914373,1000,67.855295
-0.608028,1000,68.474035
-0.955463,1000,69.084244
0.353125,1000,69.694456
0.050363,1000,70.31023
-0.966828,1000,70.918653
-0.667313,1000,71.534611
-0.735153,1000,72.144712
-0.766428,1000,72.754268
-0.501422,1000,73.364093
-2.335277,1000,82.60394
-0.819399,1000,83.217738
-0.499221,1000,83.831151
-0.939446,1000,84.443588
-0.285658,1000,85.056778
-0.29172,1000,85.669309
-1.637824,1000,86.28246
-1.666377,1000,86.893181
-1.089829,1000,87.510842
-0.187153,1000,88.124007
-0.294839,1000,88.735202
-1.752003,1000,89.346764
-2.029734,1000,89.95804
-0.554148,1000,90.569589
-0.751175,1000,91.181185
-1.004192,1000,91.793895
-1.318124,1000,92.412091
-2.391798,1000,93.025901
-0.622818,1000,93.638625
-1.408533,1000,94.251069
-1.591942,1000,97.353574
-1.397301,1000,97.975151
-1.993773,1000,98.592149
-1.884069,1000,99.206104
-2.250203,1000,99.818552
-1.53542,1000,100.436927
-1.393281,1000,101.061981
-1.773849,1000,101.678833
-0.074615,1000,102.293939
-1.522651,1000,102.914631
-2.198354,1000,103.5297
-1.333493,1000,104.145967
-0.971771,1000,104.759882
-1.841618,1000,105.373821
-1.50395,1000,105.987656
-1.348549,1000,106.602284
-1.195935,1000,107.216615
-2.97934,1000,107.830444
-0.717984,1000,108.450967
-1.783388,1000,109.066807
-1.729255,1000,118.973598
-2.934492,1000,119.583624
-2.834432,1000,120.194376
-2.264381,1000,120.802702
-0.877315,1000,121.409478
-2.373279,1000,122.018589
-1.865199,1000,122.627226
-1.596252,1000,123.234918
-2.63351,1000,123.848843
-1.868191,1000,124.457338
-2.206573,1000,125.065393
-1.892122,1000,125.674194
-0.944056,1000,126.284753
-3.316454,1000,126.892069
-2.669379,1000,127.500367
-2.571102,1000,128.10912
-2.65995,1000,128.71835
-1.845673,1000,129.335948
-1.959151,1000,129.944557
-1.902952,1000,130.559835
-2.127294,1000,133.859562
-3.349401,1000,134.477428
-2.87546,1000,135.091983
-1.23115,1000,135.709812
-1.584851,1000,136.318576
-2.850968,1000,136.926637
-2.394537,1000,137.538566
-2.410297,1000,138.159489
-2.018655,1000,138.771851
-3.038088,1000,139.386009
-2.10833,1000,140.004561
-3.076882,1000,140.617885
-2.19438,1000,141.231951
-2.967143,1000,141.844819
-1.782664,1000,142.457742
-3.125603,1000,143.069761
-3.042948,1000,143.684594
-3.078369,1000,144.296332
-2.181081,1000,144.912965
-3.789151,1000,145.525611
-3.842863,1000,155.178401
-3.918662,1000,155.797694
-3.594798,1000,156.410823
-4.856889,1000,157.02306
-4.36712,1000,157.637256
-3.688602,1000,158.249899
-4.109749,1000,158.861768
-5.820766,1000,159.475165
-2.473697,1000,160.088736
-3.618119,1000,160.710757
-4.236975,1000,161.324615
-2.427136,1000,161.938799
-3.647012,1000,162.553279
-4.684829,1000,163.167366
-3.190865,1000,163.781519
-4.036885,1000,164.396366
-3.950274,1000,165.010391
-4.739208,1000,165.62415
-1.162589,1000,166.243372
-3.554716,1000,166.856701
-5.351712,1000,176.241125
-9.237251,1000,176.855584
-7.867051,1000,177.467971
-8.689594,1000,178.07649
-7.897719,1000,178.687497
-8.954364,1000,179.299124
-7.314648,1000,179.911494
-8.011257,1000,180.524978
-9.07588,1000,181.135268
-4.160776,1000,181.756903
-7.466215,1000,182.365172
-7.183694,1000,182.973054
-4.602716,1000,183.582578
-6.697344,1000,184.192177
-4.780235,1000,184.800243
-8.018699,1000,185.409309
-5.603258,1000,186.017157
-5.770666,1000,186.625519
-5.886711,1000,187.241462
-6.983258,1000,187.849599
-6.756726,1000,191.217821
-8.037417,1000,191.833188
-7.28717,1000,192.453205
-6.397999,1000,193.073332
-5.320631,1000,193.685724
-7.081514,1000,194.2967
-7.01799,1000,194.906779
-7.194452,1000,195.52178
-4.878861,1000,196.136637
-8.643932,1000,196.753883
-7.036078,1000,197.369145
-5.602484,1000,197.97931
-8.547752,1000,198.590686
-6.91841,1000,199.20115
-7.719775,1000,199.81198
-9.336493,1000,200.428876
-6.358251,1000,201.043007
-4.777105,1000,201.657945
-6.835217,1000,202.273431
-7.571778,1000,202.891725
-8.233105,1000,212.510869
-10.067377,1000,213.129931
-10.626903,1000,213.742808
-9.778823,1000,214.355837
-7.478129,1000,214.967685
-11.453702,1000,215.580919
-10.693013,1000,216.19603
-10.501033,1000,216.810144
-10.318289,1000,217.423258
-10.508607,1000,218.037201
-10.995623,1000,218.655746
-11.178269,1000,219.268334
-11.273215,1000,219.880347
-10.790643,1000,220.490917
-10.082591,1000,221.101398
-11.905321,1000,221.714674
-10.339484,1000,222.326874
-10.222862,1000,222.938112
-10.595824,1000,223.555928
-10.951415,1000,224.172625
-7.423454,1000,227.489184
-10.80078,1000,228.098986
-10.860325,1000,228.70875
-9.635521,1000,229.32401
-10.823298,1000,229.935041
-10.798916,1000,230.54552
-10.515493,1000,231.156006
-11.308541,1000,231.769019
-9.769583,1000,232.379016
-8.823426,1000,232.988251
-9.937809,1000,233.598414
-11.011789,1000,234.212381
-10.016979,1000,234.821203
-10.000932,1000,235.4372
-9.68341,1000,236.052357
-9.433635,1000,236.667879
-10.538017,1000,237.28736
-10.183397,1000,237.899675
-10.616926,1000,238.5121
-11.256879,1000,239.125247
-5.777621,1000,248.369443
-5.753528,1000,248.978747
-5.87264,1000,249.590462
-7.141978,1000,250.207512
-4.140086,1000,250.81659
-6.536335,1000,251.426409
-5.061101,1000,252.03788
-6.265636,1000,252.647667
20.715331,1000,253.260927
-5.185018,1000,253.871781
-7.452858,1000,254.482948
-5.531959,1000,255.100999
-7.139938,1000,255.718192
-6.526836,1000,256.333664
-6.603833,1000,256.948323
-6.499979,1000,257.564358
-7.586823,1000,258.179085
-4.56003,1000,258.79508
-6.436896,1000,259.410689
-5.649931,1000,260.02827
-13.800567,1000,269.882015
35.109152,1000,270.501781
36.679186,1000,271.124977
36.874184,1000,271.742521
-13.572075,1000,272.35732
-13.509833,1000,272.97172
36.447196,1000,273.592273
34.028967,1000,274.207069
-12.372764,1000,274.818869
-12.98044,1000,275.433146
-13.770195,1000,276.052157
-13.594529,1000,276.667243
33.005972,1000,277.2842
32.28123,1000,277.899771
-14.008613,1000,278.516421
-13.130658,1000,279.127295
37.244839,1000,279.742236
-11.596987,1000,280.352355
35.658437,1000,280.96652
-12.258935,1000,281.587408
34.693337,1000,284.990595
-11.716471,1000,285.602533
-11.383676,1000,286.213937
-15.743417,1000,286.834827
-11.976016,1000,287.447631
-12.352982,1000,288.063475
-11.798876,1000,288.68068
33.238014,1000,289.299525
-10.440064,1000,289.916293
-14.917157,1000,290.536313
-13.585768,1000,291.14655
-12.527263,1000,291.77049
33.807964,1000,292.392688
36.889129,1000,293.010619
-11.744495,1000,293.626906
-12.241535,1000,294.265324
32.111212,1000,294.887316
-13.223527,1000,295.50217
-12.216482,1000,296.115584
-12.594004,1000,296.729146
14.219536,1000,306.529517
-12.296004,1000,307.141154
14.08408,1000,307.76131
10.041879,1000,308.37481
15.276963,1000,308.987504
12.892462,1000,309.599794
12.200579,1000,310.211544
13.356111,1000,310.821716
10.387812,1000,311.434023
15.324707,1000,312.046902
12.711456,1000,312.658263
-11.243249,1000,313.273999
14.194792,1000,313.887519
-12.28831,1000,314.497516
12.296655,1000,315.10923
13.953922,1000,315.721514
12.423511,1000,316.333522
-11.364055,1000,316.941697
12.428241,1000,317.55373
-13.139269,1000,318.169351
14.731574,1000,321.508473
10.614458,1000,322.121515
-12.285001,1000,322.732933
-11.66759,1000,323.35107
-13.839173,1000,323.96478
-11.691524,1000,324.574064
-13.913475,1000,325.185338
11.418114,1000,325.798875
13.469839,1000,326.412019
13.839569,1000,327.024381
12.107592,1000,327.638221
9.781401,1000,328.250662
8.873803,1000,328.867665
-12.950256,1000,329.47847
9.545054,1000,330.091231
-10.3454,1000,330.701334
-12.437527,1000,331.312766
-12.613455,1000,331.922792
14.226276,1000,332.534996
10.098628,1000,333.147204
-5.00589,1000,343.194344
-1.277465,1000,343.821071
6.46937,1000,344.451478
88.890138,1000,345.066689
91.018493,1000,345.684855
2.253113,1000,346.305367
-0.960571,1000,346.923008
-1.250906,1000,347.542282
2.30871,1000,348.156518
89.788304,1000,348.768353
-2.642529,1000,349.387739
-0.560832,1000,350.012209
91.87202,1000,350.628337
90.886268,1000,351.244784
20.065258,1000,351.865442
-4.526642,1000,352.484118
-0.415075,1000,353.102422
2.152178,1000,353.722863
1.452984,1000,354.342647
89.717354,1000,354.964076
-3.262841,1000,364.274351
-4.27085,1000,364.889099
-3.534715,1000,365.511932
0.646895,1000,366.131795
0.336666,1000,366.751565
-0.967894,1000,367.367229
3.762549,1000,367.982507
3.648047,1000,368.597968
-1.291189,1000,369.211617
-3.857708,1000,369.827794
1.435393,1000,370.44292
-3.239829,1000,371.062814
-2.791007,1000,371.685262
1.658487,1000,372.304808
-3.309653,1000,372.923707
-3.988069,1000,373.54553
0.033771,1000,374.166229
-3.58563,1000,374.787473
-2.254147,1000,375.410758
3.007302,1000,376.035121
-3.439904,1000,379.202381
4.621805,1000,379.819221
-1.111769,1000,380.434611
-1.066055,1000,381.061579
3.0713,1000,381.675188
1.310391,1000,382.286131
2.800677,1000,382.897203
-2.358555,1000,383.516127
-4.156032,1000,384.13232
-3.607328,1000,384.748691
-3.083052,1000,385.367005
3.182193,1000,385.983426
-1.278315,1000,386.60695
1.988598,1000,387.221782
1.4065,1000,387.842201
-0.470231,1000,388.458936
-2.573352,1000,389.071938
0.546303,1000,389.686821
-0.332957,1000,390.301874
-3.316704,1000,390.915781
-2.112653,1000,400.743272
3.46819,1000,401.36176
2.072474,1000,401.980346
2.388908,1000,402.608451
1.128023,1000,403.223319
2.752368,1000,403.838315
-3.884488,1000,404.454367
-0.818384,1000,405.067698
1.544737,1000,405.684653
0.163032,1000,406.297348
2.230033,1000,406.913562
1.264817,1000,407.535361
0.289508,1000,408.151417
-0.361633,1000,408.762857
1.207528,1000,409.376836
0.16303,1000,409.989547
1.545328,1000,410.601318
-1.908616,1000,411.2142
2.626468,1000,411.831084
1.45699,1000,412.445256
42.691,1000,421.730212
47.87289,1000,422.345853
52.329412,1000,422.963441
43.334984,1000,423.581995
51.598117,1000,424.195333
45.283888,1000,424.808341
51.034113,1000,425.422198
46.559101,1000,426.04264
46.838046,1000,426.660204
47.410799,1000,427.275441
46.420697,1000,427.896204
44.238973,1000,428.514956
44.912566,1000,429.125716
46.371003,1000,429.737715
47.543767,1000,430.351562
46.413149,1000,430.962036
48.631238,1000,431.576915
44.357434,1000,432.194234
46.354789,1000,432.808012
45.85229,1000,433.421316
45.364881,1000,436.780102
44.232185,1000,437.403313
46.172202,1000,438.025648
47.185495,1000,438.640457
47.718304,1000,439.260891
45.597462,1000,439.877076
45.48398,1000,440.492106
45.499488,1000,441.109096
44.856279,1000,441.72594
47.228227,1000,442.340148
46.858929,1000,442.95299
42.848802,1000,443.568574
44.812213,1000,444.187136
45.168343,1000,444.800198
44.042757,1000,445.413955
43.518527,1000,446.030692
43.999064,1000,446.648703
45.957419,1000,447.264044
45.812511,1000,447.880596
43.088942,1000,448.497106
48.21977,1000,458.080521
51.738932,1000,458.699644
48.937056,1000,459.318176
44.616319,1000,459.941571
55.954527,1000,460.557841
50.84318,1000,461.173977
56.210456,1000,461.792114
43.416926,1000,462.413357
47.351736,1000,463.032138
45.489732,1000,463.650419
46.627416,1000,464.269706
57.599172,1000,464.888956
45.928367,1000,465.514238
51.795252,1000,466.133636
47.568407,1000,466.754632
46.611611,1000,467.377439
47.745372,1000,467.996904
45.968178,1000,468.617092
44.334001,1000,469.236814
43.709344,1000,469.857241
55.384786,1000,473.273225
50.046792,1000,473.889831
47.424135,1000,474.511659
46.057695,1000,475.132155
54.134731,1000,475.758414
49.370101,1000,476.380405
48.834115,1000,477.001701
47.108016,1000,477.625684
56.193376,1000,478.247187
48.116442,1000,478.863847
46.123221,1000,479.480577
48.337499,1000,480.09546
43.975719,1000,480.71087
48.618876,1000,481.331503
45.33149,1000,481.946822
48.101057,1000,482.562637
45.53719,1000,483.179655
48.844657,1000,483.79637
47.711153,1000,484.41267
48.408204,1000,485.029216
-29.915568,1000,494.714649
-27.052273,1000,495.330829
-27.316662,1000,495.947424
-29.834062,1000,496.575889
-25.785142,1000,497.191324
-28.081611,1000,497.810478
-30.681195,1000,498.427597
-30.501088,1000,499.043621
-31.876192,1000,499.660203
-29.41364,1000,500.276083
-31.395672,1000,500.891106
-27.142496,1000,501.507664
-22.857487,1000,502.140869
-31.78503,1000,502.762866
-27.383227,1000,503.379138
-29.126658,1000,503.995564
-24.338504,1000,504.610205
-28.433281,1000,505.224135
-28.783013,1000,505.839125
-25.948281,1000,506.455561
-16.583549,1000,515.876231
-16.024699,1000,516.494518
-16.005234,1000,517.112421
-14.342831,1000,517.736747
-17.599931,1000,518.358229
-19.720828,1000,518.976494
-11.064495,1000,519.596282
-18.812942,1000,520.215399
-17.086579,1000,520.833712
-17.019084,1000,521.454457
-17.094585,1000,522.074113
-17.367762,1000,522.700918
-14.432341,1000,523.327566
-17.579051,1000,523.951
-15.084759,1000,524.57247
-16.722176,1000,525.193321
-15.922013,1000,525.813974
-19.024737,1000,526.435333
-17.576156,1000,527.055266
-13.433016,1000,527.685441
-17.401992,1000,531.055617
-13.914721,1000,531.677655
-16.639975,1000,532.295157
-15.653295,1000,532.911322
-17.086247,1000,533.53413
-17.155868,1000,534.151037
-9.329671,1000,534.773638
-13.618438,1000,535.396281
-15.468139,1000,536.012648
-15.177514,1000,536.628817
-10.641215,1000,537.244638
-13.937587,1000,537.861679
-17.692494,1000,538.479401
-15.464511,1000,539.102375
-15.9625,1000,539.720689
-13.115279,1000,540.337242
-15.054091,1000,540.951991
-16.201151,1000,541.569113
-17.878602,1000,542.185142
-14.921789,1000,542.800841
-15.516595,1000,552.469389
-13.352339,1000,553.085577
-11.253583,1000,553.7017
-16.149126,1000,554.324452
-10.33003,1000,554.937502
-17.32148,1000,555.552273
-11.537765,1000,556.167753
-15.369202,1000,556.782834
-15.039241,1000,557.398324
-10.727465,1000,558.014457
-6.326211,1000,558.631754
-11.386331,1000,559.251054
-11.699041,1000,559.876472
-15.180659,1000,560.49365
-11.700649,1000,561.109837
-11.946134,1000,561.728696
-13.338323,1000,562.345989
-6.192214,1000,562.962158
-14.558968,1000,563.579808
-11.297037,1000,564.196403
-12.663088,1000,567.626024
-10.908991,1000,568.246835
-11.241344,1000,568.864831
-5.14289,1000,569.485133
-12.588008,1000,570.108766
-12.055117,1000,570.726282
-14.07702,1000,571.3428
-12.686678,1000,571.958774
-11.791974,1000,572.575109
-15.982776,1000,573.191164
-14.936595,1000,573.807966
-12.50553,1000,574.424604
-10.416588,1000,575.041078
-9.330807,1000,575.664521
-11.24775,1000,576.281179
-16.283434,1000,576.897736
-15.301319,1000,577.515099
-8.965283,1000,578.130857
-14.82678,1000,578.746806
-15.295812,1000,579.361765
15.942057,1000,588.526497
18.745861,1000,589.145295
18.507479,1000,589.766727
17.432521,1000,590.389828
16.432104,1000,591.00787
15.005889,1000,591.628324
18.400581,1000,592.247672
17.062389,1000,592.868134
-79.292486,1000,593.486433
15.740385,1000,594.104756
18.866591,1000,594.724277
17.014296,1000,595.343853
14.091932,1000,595.963748
19.006333,1000,596.58473
-78.492109,1000,597.196187
17.415209,1000,597.811781
9.160807,1000,598.427489
16.528508,1000,599.043072
13.99117,1000,599.659675
15.765803,1000,600.277876
57.624527,1000,610.103593
58.35876,1000,610.725056
57.971957,1000,611.345017
58.784003,1000,611.972545
59.552873,1000,612.602042
57.541418,1000,613.220757
56.401098,1000,613.840413
53.12573,1000,614.459954
-75.231283,1000,615.074308
52.776325,1000,615.694754
58.721297,1000,616.314595
57.913385,1000,616.933113
53.758433,1000,617.559981
-75.070902,1000,618.17529
60.71062,1000,618.794652
49.142764,1000,619.414881
49.656468,1000,620.035264
51.67581,1000,620.65711
54.51743,1000,621.275654
54.312786,1000,621.895618
53.320809,1000,624.994867
60.675374,1000,625.61113
52.051602,1000,626.227146
60.619678,1000,626.842953
55.870639,1000,627.457821
57.106376,1000,628.080015
59.454698,1000,628.69439
58.570846,1000,629.30962
53.855153,1000,629.925144
55.967282,1000,630.54126
59.260393,1000,631.165573
51.54399,1000,631.785715
59.789135,1000,632.404586
52.12968,1000,633.028775
51.35792,1000,633.648753
58.614058,1000,634.265668
54.422247,1000,634.881642
56.360239,1000,635.501244
55.701163,1000,636.121751
48.334016,1000,636.741207
25.309868,1000,646.626934
26.571695,1000,647.240627
18.872199,1000,647.855868
11.862458,1000,648.469839
23.628388,1000,649.090368
23.452191,1000,649.705509
20.902298,1000,650.321742
22.39781,1000,650.934691
6.902394,1000,651.550811
30.199615,1000,652.164318
12.542797,1000,652.77874
31.427566,1000,653.397295
29.897025,1000,654.020919
24.995897,1000,654.642307
18.27297,1000,655.263508
28.760111,1000,655.885593
28.544093,1000,656.507068
30.031653,1000,657.123978
24.493573,1000,657.745349
25.870823,1000,658.364501
24.681922,1000,661.633942
23.215379,1000,662.24962
22.792432,1000,662.864723
18.909002,1000,663.479343
8.783541,1000,664.094413
11.6429,1000,664.714303
25.567754,1000,665.32779
18.295486,1000,665.94207
17.49877,1000,666.556721
20.538177,1000,667.170726
29.280493,1000,667.786433
27.652988,1000,668.41043
23.800326,1000,669.031676
27.901851,1000,669.662651
16.198144,1000,670.288166
27.621712,1000,670.907491
26.660652,1000,671.526157
24.818023,1000,672.145952
28.811612,1000,672.760179
22.363292,1000,673.375475
56.003289,1000,683.488207
52.745341,1000,684.106847
55.85202,1000,684.722785
57.811228,1000,685.339483
56.803275,1000,685.959016
53.161354,1000,686.573906
55.933176,1000,687.185946
54.730122,1000,687.801239
47.31347,1000,688.414859
59.274874,1000,689.027515
52.234734,1000,689.640809
63.664793,1000,690.255228
56.85448,1000,690.874838
50.904861,1000,691.490245
56.649035,1000,692.104093
53.685492,1000,692.720598
53.835634,1000,693.337139
56.096156,1000,693.959994
52.502092,1000,694.582913
59.468601,1000,695.202302
28.738465,1000,704.950083
252.421104,1000,705.564957
33.412453,1000,706.18348
35.897807,1000,706.807409
36.607643,1000,707.426425
46.186072,1000,708.045349
37.991048,1000,708.663806
33.762798,1000,709.281603
16.550598,1000,709.901076
19.936543,1000,710.525912
31.599703,1000,711.140591
32.04082,1000,711.765904
32.879202,1000,712.387463
35.369801,1000,713.011436
38.699983,1000,713.63289
34.086876,1000,714.251768
34.252223,1000,714.871442
21.991767,1000,715.490544
36.966481,1000,716.110746
27.412894,1000,716.733827
38.79455,1000,720.094059
30.873155,1000,720.712981
35.819469,1000,721.332862
-53.51366,1000,721.950119
6.598093,1000,722.572391
22.620607,1000,723.190912
33.739122,1000,723.807911
40.736803,1000,724.424834
40.62113,1000,725.041037
30.881471,1000,725.658846
37.664218,1000,726.275108
39.249812,1000,726.8928
34.841474,1000,727.512809
41.373957,1000,728.131873
23.849786,1000,728.748598
41.110987,1000,729.365832
37.587206,1000,729.982476
27.146811,1000,730.599691
29.232296,1000,731.216142
41.427171,1000,731.834232
-46.857607,1000,741.462989
-61.119314,1000,742.07511
401.305282,1000,742.682309
-13.915278,1000,743.303015
389.182038,1000,743.914674
413.547376,1000,744.521496
-4.48346,1000,745.134325
-50.129521,1000,745.746265
-25.774715,1000,746.358629
-25.622746,1000,746.969217
364.738501,1000,747.576156
-57.981797,1000,748.187496
-37.967606,1000,748.810022
345.82643,1000,749.417999
-44.869042,1000,750.029899
-22.678351,1000,750.642412
395.11833,1000,751.247415
-54.842033,1000,751.861496
-55.678428,1000,752.474389
377.147852,1000,753.08261
395.834603,1000,762.975796
409.589322,1000,763.588151
415.592003,1000,764.204277
359.259051,1000,764.828916
384.186816,1000,765.443111
-32.994078,1000,766.061436
409.303329,1000,766.674231
398.699972,1000,767.286856
398.807509,1000,767.901248
398.570765,1000,768.514207
392.144464,1000,769.126212
408.953205,1000,769.746172
408.343014,1000,770.358927
404.607135,1000,770.972773
388.857868,1000,771.586678
414.109008,1000,772.203229
386.097683,1000,772.820392
371.022498,1000,773.434736
346.50275,1000,774.049298
-37.476328,1000,774.6716
393.020594,1000,778.090003
380.289447,1000,778.696994
378.879691,1000,779.302836
406.072248,1000,779.908759
384.806627,1000,780.526404
369.582811,1000,781.134105
329.176082,1000,781.742374
-39.639409,1000,782.355533
385.015872,1000,782.962211
412.336426,1000,783.568037
366.681751,1000,784.174023
433.353035,1000,784.781246
432.371502,1000,785.391768
428.335876,1000,785.998582
409.753762,1000,786.606344
365.707299,1000,787.21786
431.752426,1000,787.829902
366.535315,1000,788.441398
-43.050208,1000,789.061372
-36.786501,1000,789.681814
481.740922,1000,799.130496
475.720733,1000,799.747146
506.727515,1000,800.361219
437.484755,1000,800.975369
507.019963,1000,801.591016
452.770509,1000,802.203198
498.591227,1000,802.814288
493.00327,1000,803.426121
502.469669,1000,804.037479
474.972067,1000,804.648746
470.567181,1000,805.262506
514.356347,1000,805.874963
479.459331,1000,806.492793
508.972182,1000,807.103504
504.626399,1000,807.716023
519.351931,1000,808.32424
530.861783,1000,808.933217
472.137351,1000,809.543024
456.616387,1000,810.153361
498.133964,1000,810.763362
489.673882,1000,813.871606
549.315881,1000,814.477864
473.062842,1000,815.088759
524.316403,1000,815.702891
497.969656,1000,816.314502
531.68743,1000,816.931082
487.246289,1000,817.543865
456.912902,1000,818.155704
453.222508,1000,818.767239
496.460333,1000,819.378283
478.90358,1000,819.990849
481.505568,1000,820.602527
486.54733,1000,821.215173
530.295663,1000,821.828655
506.955582,1000,822.446618
502.899059,1000,823.059705
501.897372,1000,823.673716
453.757531,1000,824.284941
475.871261,1000,824.897708
530.60919,1000,825.51172
590.007764,1000,835.252805
615.089616,1000,835.867072
634.97142,1000,836.47949
658.276413,1000,837.088449
639.49997,1000,837.699846
616.262863,1000,838.315354
599.701619,1000,838.926526
600.116686,1000,839.537621
616.087799,1000,840.14924
626.117369,1000,840.759429
621.164336,1000,841.370167
594.441116,1000,841.980963
625.606085,1000,842.592533
659.760378,1000,843.207298
613.81929,1000,843.819445
605.024092,1000,844.428666
616.560281,1000,845.038569
569.661558,1000,845.64777
607.85138,1000,846.259157
600.112574,1000,846.869074
582.508944,1000,856.487972
655.299612,1000,857.096979
610.920897,1000,857.702778
610.239394,1000,858.309067
665.11231,1000,858.920416
652.363227,1000,859.525418
638.433827,1000,860.137193
599.593382,1000,860.744973
597.847279,1000,861.351115
636.834833,1000,861.956529
600.267005,1000,862.563632
667.669047,1000,863.168811
595.815811,1000,863.776844
642.926307,1000,864.393679
633.222247,1000,865.003371
636.272732,1000,865.614085
633.819652,1000,866.224997
607.441173,1000,866.835959
630.880712,1000,867.446077
603.011699,1000,868.053996
588.506408,1000,871.378766
628.711013,1000,871.985104
604.27601,1000,872.591982
620.256687,1000,873.196953
590.673019,1000,873.812496
594.170797,1000,874.421418
657.184593,1000,875.034169
611.758311,1000,875.642793
610.033196,1000,876.252315
646.164046,1000,876.863856
584.976928,1000,877.47317
585.83134,1000,878.082898
620.763965,1000,878.691934
604.160395,1000,879.300457
627.847188,1000,879.914222
662.290909,1000,880.523348
645.650266,1000,881.132271
608.824621,1000,881.741114
614.214669,1000,882.349749
596.096231,1000,882.958071
565.535241,1000,892.680483
650.456904,1000,893.293189
642.141269,1000,893.903311
661.657261,1000,894.513675
675.475298,1000,895.122402
592.754448,1000,895.738738
602.572487,1000,896.349614
625.863915,1000,896.959104
634.506524,1000,897.571302
655.199176,1000,898.182178
612.143206,1000,898.792549
621.554885,1000,899.402638
651.151556,1000,900.013634
608.780273,1000,900.624026
572.745017,1000,901.240578
619.204538,1000,901.849813
570.220401,1000,902.459327
599.913207,1000,903.067047
612.426803,1000,903.678658
591.638,1000,904.288478
644.161328,1000,907.576854
625.212565,1000,908.188523
630.290483,1000,908.800418
569.217497,1000,909.412439
618.299678,1000,910.02434
580.399921,1000,910.635811
586.554102,1000,911.248561
601.194833,1000,911.865027
647.30405,1000,912.476326
620.192924,1000,913.087791
617.283984,1000,913.700504
599.739445,1000,914.312901
611.978589,1000,914.92413
594.74482,1000,915.535593
584.602851,1000,916.147412
620.770393,1000,916.762683
653.617458,1000,917.373661
568.07734,1000,917.987153
597.3558,1000,918.599444
593.901539,1000,919.210987
625.226175,1000,929.070735
523.768166,1000,929.684164
645.055151,1000,930.295657
582.326978,1000,930.904631
538.149877,1000,931.514704
600.913113,1000,932.126912
552.906733,1000,932.746984
546.815873,1000,933.355201
591.422378,1000,933.965289
572.541617,1000,934.574595
611.889177,1000,935.182181
553.663088,1000,935.792528
606.067935,1000,936.401986
633.635732,1000,937.010506
614.064283,1000,937.624382
583.15384,1000,938.235464
583.150045,1000,938.844974
619.133841,1000,939.45429
626.016595,1000,940.0618
576.323665,1000,940.666832
634.2536,1000,950.622174
554.452,1000,951.230807
665.831306,1000,951.849505
595.234632,1000,952.457766
608.384389,1000,953.066212
631.989692,1000,953.680706
635.914225,1000,954.289039
644.588758,1000,954.897879
641.181136,1000,955.509842
623.776856,1000,956.116644
647.269221,1000,956.722353
700.822887,1000,957.327116
634.220249,1000,957.934078
620.976962,1000,958.547093
629.47677,1000,959.154416
620.614563,1000,959.763501
634.815451,1000,960.371424
670.200007,1000,960.979826
624.35955,1000,961.588274
622.452524,1000,962.19661
642.48416,1000,965.624707
589.862325,1000,966.230451
582.809627,1000,966.835793
634.103993,1000,967.441335
586.189616,1000,968.046642
693.44288,1000,968.652015
622.989241,1000,969.266476
666.068596,1000,969.879701
653.068501,1000,970.494088
632.141145,1000,971.098517
614.922631,1000,971.705729
675.549921,1000,972.310275
610.607598,1000,972.915579
628.762911,1000,973.52093
619.568452,1000,974.125902
641.755251,1000,974.737643
616.482344,1000,975.342734
575.784481,1000,975.949213
592.562796,1000,976.55522
657.858557,1000,977.159624
657.7979,1000,986.880266
562.893536,1000,987.492488
672.556925,1000,988.103552
674.953725,1000,988.713727
656.534329,1000,989.333352
637.420171,1000,989.944878
555.493669,1000,990.559883
679.145128,1000,991.171492
667.627039,1000,991.787761
694.884978,1000,992.395787
635.266253,1000,993.005223
638.749141,1000,993.61435
625.33636,1000,994.223743
590.908598,1000,994.832223
580.09788,1000,995.446812
641.659818,1000,996.055626
666.222977,1000,996.666134
579.951825,1000,997.278861
655.694289,1000,997.891291
635.417105,1000,998.504015
631.562682,1000,1001.866805
670.722853,1000,1002.472063
668.112841,1000,1003.076732
620.778968,1000,1003.687095
670.833414,1000,1004.296465
619.763214,1000,1004.905273
598.402405,1000,1005.51401
673.7669,1000,1006.126726
619.658033,1000,1006.735057
634.87411,1000,1007.342292
573.518103,1000,1007.951368
618.171087,1000,1008.558576
658.94886,1000,1009.165898
667.211007,1000,1009.77685
630.3024,1000,1010.385793
652.6138,1000,1010.995457
649.164473,1000,1011.605043
586.923013,1000,1012.211878
613.931158,1000,1012.81931
660.695967,1000,1013.427404
658.873327,1000,1023.28703
652.579732,1000,1023.897343
608.453939,1000,1024.505455
595.794867,1000,1025.115024
661.15038,1000,1025.725146
576.582399,1000,1026.336814
650.794511,1000,1026.954186
635.080712,1000,1027.565941
634.495689,1000,1028.176689
661.019531,1000,1028.786811
654.991885,1000,1029.397457
608.693955,1000,1030.008225
574.502233,1000,1030.619724
631.736726,1000,1031.229317
641.968226,1000,1031.841174
610.939062,1000,1032.457663
711.859616,1000,1033.067559
674.721412,1000,1033.67786
631.236997,1000,1034.288177
597.030907,1000,1034.897896
637.944992,1000,1044.451964
615.113295,1000,1045.054585
549.397051,1000,1045.655971
596.334098,1000,1046.257439
523.491694,1000,1046.858403
597.621783,1000,1047.460014
566.568667,1000,1048.067684
616.535728,1000,1048.675386
531.436819,1000,1049.282045
545.973936,1000,1049.883617
611.719799,1000,1050.48487
601.361524,1000,1051.087172
566.261513,1000,1051.69076
579.979815,1000,1052.296529
598.867397,1000,1052.899175
565.045229,1000,1053.508675
627.245553,1000,1054.110281
558.646793,1000,1054.712545
569.982785,1000,1055.314924
559.921674,1000,1055.9182
569.991464,1000,1059.207095
574.756971,1000,1059.812743
564.254996,1000,1060.418329
563.255396,1000,1061.024844
596.946581,1000,1061.629927
544.675913,1000,1062.235398
556.69603,1000,1062.84088
519.224965,1000,1063.446323
581.820514,1000,1064.057278
582.039821,1000,1064.662223
550.58012,1000,1065.267001
603.202363,1000,1065.870921
667.219602,1000,1066.475807
523.48449,1000,1067.07908
586.245317,1000,1067.685151
553.941376,1000,1068.288647
591.425126,1000,1068.898986
545.290926,1000,1069.504093
522.83925,1000,1070.108273
632.760055,1000,1070.711919
662.162327,1000,1080.420424
548.518637,1000,1081.027056
602.277928,1000,1081.63516
652.000433,1000,1082.24076
623.943373,1000,1082.856901
634.872717,1000,1083.466378
596.237349,1000,1084.077324
607.826259,1000,1084.693568
577.326963,1000,1085.306525
682.620338,1000,1085.918982
572.582549,1000,1086.536526
647.70857,1000,1087.150021
525.284826,1000,1087.761606
628.80686,1000,1088.371803
639.806563,1000,1088.981297
573.338778,1000,1089.591174
518.314678,1000,1090.207818
536.550813,1000,1090.818489
566.229894,1000,1091.430463
582.828218,1000,1092.046439
533.080795,1000,1101.701071
618.937673,1000,1102.305503
631.647635,1000,1102.907135
602.698387,1000,1103.516255
630.555278,1000,1104.12402
629.438045,1000,1104.729861
594.200977,1000,1105.336474
595.498549,1000,1105.947833
622.016727,1000,1106.555651
593.77559,1000,1107.160573
655.754825,1000,1107.767877
665.89156,1000,1108.371199
620.552178,1000,1108.975247
574.148787,1000,1109.582217
642.902951,1000,1110.187444
644.730103,1000,1110.797202
663.75582,1000,1111.403631
624.157813,1000,1112.009654
605.247804,1000,1112.61549
622.272405,1000,1113.221219
577.607017,1000,1116.154561
555.612301,1000,1116.765231
592.2325,1000,1117.368129
604.997481,1000,1117.972877
606.204667,1000,1118.581095
655.057619,1000,1119.186785
602.435096,1000,1119.794032
635.44052,1000,1120.399464
589.334603,1000,1121.005023
627.912015,1000,1121.617115
553.486028,1000,1122.224097
663.720539,1000,1122.838582
599.589999,1000,1123.442934
606.991227,1000,1124.050989
614.99925,1000,1124.655455
608.193841,1000,1125.259364
603.392992,1000,1125.864634
619.965066,1000,1126.475439
600.680191,1000,1127.086161
583.155835,1000,1127.693895
595.334404,1000,1136.913882
613.865003,1000,1137.530744
619.100121,1000,1138.137094
633.270669,1000,1138.744269
635.777867,1000,1139.351039
667.183619,1000,1139.957792
616.248922,1000,1140.563271
679.647802,1000,1141.166442
632.342808,1000,1141.781687
610.468774,1000,1142.402381
678.528123,1000,1143.011786
669.304728,1000,1143.620446
662.580009,1000,1144.230044
630.589224,1000,1144.841423
623.692419,1000,1145.449641
622.471001,1000,1146.059232
658.801037,1000,1146.668324
646.601583,1000,1147.275821
588.659894,1000,1147.892493
657.303964,1000,1148.503632
646.456032,1000,1152.013279
667.907539,1000,1152.624938
573.471034,1000,1153.242309
672.684796,1000,1153.857721
643.867511,1000,1154.470822
632.98701,1000,1155.083097
633.972156,1000,1155.695241
653.934716,1000,1156.307094
629.222647,1000,1156.918423
653.873109,1000,1157.530512
641.518565,1000,1158.147194
569.330874,1000,1158.759696
622.339242,1000,1159.371201
721.104767,1000,1159.983064
615.37378,1000,1160.59543
682.960806,1000,1161.206647
682.433878,1000,1161.818276
614.643539,1000,1162.43068
663.204504,1000,1163.042335
670.93493,1000,1163.660679
649.861184,1000,1172.669615
632.457941,1000,1173.277522
627.546875,1000,1173.894567
654.478631,1000,1174.50372
668.607151,1000,1175.111559
645.859643,1000,1175.720751
641.58833,1000,1176.329826
652.272975,1000,1176.938532
605.998699,1000,1177.551391
617.973489,1000,1178.155456
664.57053,1000,1178.7599
679.931888,1000,1179.377118
633.800167,1000,1179.986861
657.223131,1000,1180.596007
670.571466,1000,1181.20395
678.323283,1000,1181.813544
624.901211,1000,1182.422698
612.264886,1000,1183.03139
636.961267,1000,1183.640231
604.123298,1000,1184.252672
665.105156,1000,1194.199893
732.563375,1000,1194.813686
654.071841,1000,1195.424168
716.677895,1000,1196.041222
683.144629,1000,1196.654137
686.984644,1000,1197.263573
751.035364,1000,1197.872296
721.74433,1000,1198.484901
773.210852,1000,1199.089588
679.139777,1000,1199.701902
698.148818,1000,1200.315835
644.501709,1000,1200.921241
799.752941,1000,1201.526582
704.125573,1000,1202.131831
709.318445,1000,1202.737225
712.413461,1000,1203.342734
697.238412,1000,1203.949033
675.51349,1000,1204.554528
707.403925,1000,1205.158596
630.569885,1000,1205.771563
744.1116,1000,1209.162731
714.04998,1000,1209.772842
701.195568,1000,1210.383138
755.07015,1000,1211.000045
678.474908,1000,1211.610424
693.305345,1000,1212.221238
693.304229,1000,1212.831312
708.524855,1000,1213.441415
729.573703,1000,1214.052433
725.399382,1000,1214.66598
693.520288,1000,1215.275932
691.41414,1000,1215.89291
701.460699,1000,1216.504364
706.030483,1000,1217.114281
713.195221,1000,1217.723862
673.156415,1000,1218.334405
739.020536,1000,1218.944191
694.828111,1000,1219.554441
627.766088,1000,1220.165784
692.486754,1000,1220.775963
741.951943,1000,1230.346897
720.638782,1000,1230.95173
740.395321,1000,1231.569901
757.130048,1000,1232.172197
761.34518,1000,1232.77377
691.984214,1000,1233.379893
738.190288,1000,1233.986645
774.958415,1000,1234.593281
747.035317,1000,1235.194942
755.048442,1000,1235.799729
736.481885,1000,1236.402404
630.311048,1000,1237.019342
670.43539,1000,1237.622126
702.852477,1000,1238.225623
736.092516,1000,1238.828678
728.006978,1000,1239.432195
758.268197,1000,1240.041945
660.345189,1000,1240.649552
700.931301,1000,1241.256973
698.11418,1000,1241.864776
757.892771,1000,1245.201386
715.976248,1000,1245.814289
686.835675,1000,1246.424883
680.704671,1000,1247.034832
743.729253,1000,1247.655414
686.771579,1000,1248.261163
762.910847,1000,1248.866452
740.819259,1000,1249.474297
730.655158,1000,1250.079891
737.493717,1000,1250.686187
709.624434,1000,1251.293845
735.791561,1000,1251.904207
713.036489,1000,1252.517477
694.71643,1000,1253.128393
751.575626,1000,1253.740335
778.923572,1000,1254.345643
745.341094,1000,1254.956218
706.350182,1000,1255.571509
674.290998,1000,1256.181617
734.062463,1000,1256.791681
707.384437,1000,1266.662092
736.976118,1000,1267.271481
722.63819,1000,1267.88177
740.065647,1000,1268.495892
697.603808,1000,1269.105036
728.097795,1000,1269.713977
685.499747,1000,1270.324488
682.796683,1000,1270.942596
729.24473,1000,1271.558321
726.867367,1000,1272.167836
727.572674,1000,1272.776241
121.249696,1000,1273.391602
752.450552,1000,1274.00558
730.296972,1000,1274.614629
749.417322,1000,1275.22148
745.093157,1000,1275.831193
692.866704,1000,1276.441242
746.592336,1000,1277.049525
216.472875,1000,1277.664563
745.863398,1000,1278.272092
814.050881,1000,1287.977268
758.065727,1000,1288.578736
692.592701,1000,1289.179785
770.711086,1000,1289.787989
735.744351,1000,1290.394815
727.878746,1000,1291.001815
765.395424,1000,1291.610421
735.416489,1000,1292.219787
773.453131,1000,1292.825869
732.643795,1000,1293.438202
754.153882,1000,1294.04323
786.795558,1000,1294.653167
799.247311,1000,1295.255254
773.504117,1000,1295.857948
746.067779,1000,1296.463637
777.342895,1000,1297.065599
682.675794,1000,1297.668115
819.208207,1000,1298.271016
769.469161,1000,1298.872712
738.995113,1000,1299.474689
761.096027,1000,1302.31153
783.777796,1000,1302.914681
794.019744,1000,1303.517312
775.989705,1000,1304.119474
712.997549,1000,1304.724327
779.676897,1000,1305.340837
625.129144,1000,1305.950174
749.297782,1000,1306.559301
756.787406,1000,1307.164664
776.643848,1000,1307.769457
734.394537,1000,1308.373097
803.959618,1000,1308.977026
780.391142,1000,1309.582606
699.823029,1000,1310.187942
790.813873,1000,1310.797299
746.112387,1000,1311.402395
797.509691,1000,1312.006391
787.777772,1000,1312.611742
775.657079,1000,1313.223791
764.164423,1000,1313.833999
838.095952,1000,1323.233508
784.019854,1000,1323.848261
836.724349,1000,1324.456406
848.489613,1000,1325.062921
863.002187,1000,1325.671218
834.031185,1000,1326.284068
855.32681,1000,1326.89274
813.113166,1000,1327.501155
863.991072,1000,1328.108631
218.579979,1000,1328.721792
834.354717,1000,1329.327644
859.825183,1000,1329.934401
925.108491,1000,1330.541614
825.133311,1000,1331.147929
842.206334,1000,1331.762191
799.711796,1000,1332.368706
845.117512,1000,1332.977294
801.036889,1000,1333.585032
824.686788,1000,1334.192626
843.797624,1000,1334.799872
792.946137,1000,1338.035408
759.259356,1000,1338.639864
792.90738,1000,1339.241112
836.525933,1000,1339.843962
853.296718,1000,1340.446439
795.647933,1000,1341.050798
850.310833,1000,1341.653661
858.601161,1000,1342.266883
821.861603,1000,1342.874411
800.757095,1000,1343.481742
835.211374,1000,1344.086154
876.501489,1000,1344.692219
860.258206,1000,1345.300265
748.742803,1000,1345.907247
793.952407,1000,1346.517155
824.287154,1000,1347.131707
799.322288,1000,1347.742196
805.470916,1000,1348.349296
892.523021,1000,1348.95647
824.934545,1000,1349.562777
841.93336,1000,1359.443251
890.769989,1000,1360.050318
856.750862,1000,1360.656528
753.754989,1000,1361.263819
842.213028,1000,1361.869293
860.044911,1000,1362.474955
734.420996,1000,1363.087804
793.94657,1000,1363.694976
853.182177,1000,1364.299927
785.412283,1000,1364.905066
330.085305,1000,1365.516303
866.655501,1000,1366.121037
845.122357,1000,1366.72837
822.593531,1000,1367.333917
811.3825,1000,1367.940376
874.469375,1000,1368.55682
894.8395,1000,1369.162428
844.602121,1000,1369.770429
824.395998,1000,1370.376803
858.372556,1000,1370.982227
948.495839,1000,1380.329119
935.305517,1000,1380.938354
920.092475,1000,1381.548182
926.096196,1000,1382.156923
915.63282,1000,1382.767283
940.920926,1000,1383.375712
968.557889,1000,1383.988655
838.878041,1000,1384.595888
902.747945,1000,1385.202474
926.33408,1000,1385.810416
901.239254,1000,1386.418776
904.455116,1000,1387.024506
915.953645,1000,1387.630952
953.989662,1000,1388.237989
893.075181,1000,1388.847152
895.298564,1000,1389.457501
843.354668,1000,1390.06405
841.300414,1000,1390.671426
910.261093,1000,1391.277426
915.27759,1000,1391.884054
948.59621,1000,1395.163603
899.578705,1000,1395.767578
916.988449,1000,1396.369089
893.730109,1000,1396.970311
964.937342,1000,1397.572561
912.338664,1000,1398.174335
933.811396,1000,1398.779845
963.732136,1000,1399.382949
874.546663,1000,1399.997786
903.659584,1000,1400.603861
965.895307,1000,1401.209108
948.431889,1000,1401.815712
869.8591,1000,1402.421941
948.297184,1000,1403.03006
906.593972,1000,1403.640362
805.980995,1000,1404.248816
865.05543,1000,1404.861801
898.287696,1000,1405.46842
906.768527,1000,1406.075986
933.985777,1000,1406.683798
892.391821,1000,1416.184669
1018.781278,1000,1416.78985
907.524802,1000,1417.394243
930.538204,1000,1417.998499
957.619356,1000,1418.607978
964.781111,1000,1419.216327
912.14895,1000,1419.830657
925.790696,1000,1420.435127
512.321265,1000,1421.050506
948.362805,1000,1421.661658
856.616509,1000,1422.269137
867.323042,1000,1422.876203
816.511926,1000,1423.482402
875.772788,1000,1424.089117
430.648525,1000,1424.701072
857.212027,1000,1425.310389
934.849822,1000,1425.924515
976.941615,1000,1426.535643
928.272334,1000,1427.138403
977.816092,1000,1427.742211
1010.575405,1000,1431.173531
957.629884,1000,1431.785663
961.879493,1000,1432.394037
977.689531,1000,1433.002009
924.598772,1000,1433.609237
920.68842,1000,1434.21925
834.755161,1000,1434.824394
1025.529488,1000,1435.426773
955.490569,1000,1436.031794
1039.569694,1000,1436.643607
965.576539,1000,1437.2504
947.523317,1000,1437.860305
878.587006,1000,1438.470188
959.59851,1000,1439.073304
899.5199,1000,1439.678478
954.660698,1000,1440.287027
924.371783,1000,1440.892083
944.190979,1000,1441.501373
874.503198,1000,1442.10856
940.157279,1000,1442.713958
979.66213,1000,1451.67
936.020462,1000,1452.283954
922.361641,1000,1452.89272
961.361755,1000,1453.499418
897.353493,1000,1454.105928
1032.250043,1000,1454.714434
1020.107353,1000,1455.322926
905.485693,1000,1455.927511
454.651432,1000,1456.535552
971.360929,1000,1457.13756
953.455034,1000,1457.746911
970.876449,1000,1458.353482
928.538594,1000,1458.956763
983.331454,1000,1459.560695
878.708979,1000,1460.16467
937.586046,1000,1460.769691
936.423655,1000,1461.373161
972.990879,1000,1461.981849
1034.964842,1000,1462.596594
967.81902,1000,1463.20373
990.999397,1000,1472.864779
1057.365176,1000,1473.471656
906.499374,1000,1474.073502
953.31333,1000,1474.675979
1020.879971,1000,1475.277577
995.831614,1000,1475.880601
934.724275,1000,1476.482523
923.119229,1000,1477.08412
952.78702,1000,1477.686819
912.514021,1000,1478.292766
1050.774586,1000,1478.89519
927.758291,1000,1479.496689
970.751761,1000,1480.098969
1039.886188,1000,1480.705034
945.575253,1000,1481.306644
1021.55863,1000,1481.908994
898.603524,1000,1482.511293
960.072618,1000,1483.114081
1034.09455,1000,1483.721452
1021.709779,1000,1484.322667
1054.776146,1000,1487.518382
935.045769,1000,1488.12531
1041.659971,1000,1488.735937
955.564544,1000,1489.344216
986.679161,1000,1489.948861
1029.319207,1000,1490.551177
689.523293,1000,1491.158452
1078.73763,1000,1491.76204
1028.493388,1000,1492.364084
929.268312,1000,1492.967576
959.625229,1000,1493.5796
948.417635,1000,1494.191974
910.053163,1000,1494.79499
937.424546,1000,1495.398127
1068.839708,1000,1496.007111
1041.401483,1000,1496.611039
902.354796,1000,1497.213265
979.760246,1000,1497.815228
945.868966,1000,1498.417014
913.477602,1000,1499.017985
981.089605,1000,1508.866618
1074.203752,1000,1509.471549
994.392689,1000,1510.084887
1029.035057,1000,1510.6927
992.675121,1000,1511.29838
970.283379,1000,1511.908798
1076.88477,1000,1512.515516
1078.463279,1000,1513.121941
1071.753606,1000,1513.723517
1058.200454,1000,1514.32413
1077.405079,1000,1514.925807
1035.807924,1000,1515.533306
1035.591048,1000,1516.145362
975.672314,1000,1516.750513
1044.362878,1000,1517.359034
1075.451509,1000,1517.968569
1027.646075,1000,1518.57666
1062.90161,1000,1519.181158
926.480613,1000,1519.787531
1052.60788,1000,1520.400216
992.088165,1000,1529.748517
1097.308363,1000,1530.354218
993.878958,1000,1530.967138
1002.256174,1000,1531.573371
1011.050276,1000,1532.181459
1005.847232,1000,1532.787405
1047.316,1000,1533.393251
1025.94787,1000,1533.99972
1033.638457,1000,1534.606527
911.884291,1000,1535.212228
1043.822526,1000,1535.818841
1058.139007,1000,1536.430921
1013.194259,1000,1537.036061
1076.53527,1000,1537.641177
1083.306578,1000,1538.246677
996.353355,1000,1538.851796
979.61459,1000,1539.457466
1009.017045,1000,1540.062816
1035.962223,1000,1540.668288
1023.924734,1000,1541.276763
993.062727,1000,1544.309675
959.520862,1000,1544.910325
1026.954715,1000,1545.511774
1011.727521,1000,1546.110673
1018.090142,1000,1546.718058
977.205925,1000,1547.319975
1010.485996,1000,1547.923594
925.596818,1000,1548.526171
1044.384494,1000,1549.12777
1088.517288,1000,1549.730953
578.565845,1000,1550.336483
947.578851,1000,1550.937915
980.369891,1000,1551.539735
1067.462309,1000,1552.146758
1063.255849,1000,1552.754648
1029.094176,1000,1553.356157
981.65564,1000,1553.959391
966.716392,1000,1554.56192
981.889026,1000,1555.163162
1034.273636,1000,1555.770268
1054.784774,1000,1565.379078
1134.63922,1000,1565.982722
1122.590987,1000,1566.588169
1094.465316,1000,1567.190892
1067.099068,1000,1567.800782
1083.324908,1000,1568.403422
1069.161169,1000,1569.006612
1054.539976,1000,1569.609941
1113.062623,1000,1570.21225
1064.139959,1000,1570.815493
1117.012597,1000,1571.420151
1174.328258,1000,1572.022354
1071.678537,1000,1572.625066
1109.667895,1000,1573.235445
1111.200201,1000,1573.838488
1121.707251,1000,1574.441226
1115.67102,1000,1575.043837
1134.655875,1000,1575.644499
1090.010284,1000,1576.246224
1089.429728,1000,1576.847608
1055.697109,1000,1580.134055
1102.728494,1000,1580.737014
1123.62918,1000,1581.339117
1087.366479,1000,1581.942165
1087.632637,1000,1582.545574
1110.694324,1000,1583.152167
1041.891344,1000,1583.759597
1081.809126,1000,1584.358965
1113.487641,1000,1584.958532
1157.581992,1000,1585.55892
1117.77463,1000,1586.160687
1146.095048,1000,1586.766611
1089.649106,1000,1587.375498
1144.934369,1000,1587.981789
1142.11799,1000,1588.590231
1138.88253,1000,1589.191638
1044.067205,1000,1589.793942
1120.948545,1000,1590.394841
1170.823674,1000,1590.995847
1073.599577,1000,1591.596803
1134.614221,1000,1600.637161
1117.872888,1000,1601.243989
1091.321368,1000,1601.851126
1158.453363,1000,1602.457928
1169.60926,1000,1603.066398
1102.710656,1000,1603.674419
1220.092915,1000,1604.282282
1150.132326,1000,1604.888899
1084.194066,1000,1605.496143
1210.454829,1000,1606.100101
1184.442223,1000,1606.707034
1114.965438,1000,1607.31206
1123.308937,1000,1607.919991
1178.93701,1000,1608.526365
1138.978575,1000,1609.132609
1246.607597,1000,1609.743876
1168.988693,1000,1610.350063
1185.003604,1000,1610.955621
1162.793035,1000,1611.562315
1139.941864,1000,1612.164427
1135.059684,1000,1622.021494
1108.441083,1000,1622.622752
1095.869396,1000,1623.226013
1095.165538,1000,1623.82814
1128.962243,1000,1624.42995
1153.477251,1000,1625.03029
1209.537128,1000,1625.637919
1079.699864,1000,1626.237928
1061.392981,1000,1626.839521
1150.94936,1000,1627.440883
1151.869216,1000,1628.041917
1112.945055,1000,1628.643523
1237.965307,1000,1629.243501
1184.783083,1000,1629.845116
1170.390846,1000,1630.446125
1190.151116,1000,1631.052319
1143.044585,1000,1631.654762
1107.470444,1000,1632.255731
1153.506854,1000,1632.856808
1173.377378,1000,1633.458028
1146.232158,1000,1636.708774
1155.601252,1000,1637.314623
1130.957181,1000,1637.920384
1152.893165,1000,1638.527455
1114.031191,1000,1639.133081
1153.191053,1000,1639.740157
1143.384387,1000,1640.349191
1119.126533,1000,1640.951327
1084.097759,1000,1641.562492
1119.384619,1000,1642.170247
1146.401572,1000,1642.774116
1183.42478,1000,1643.377418
1089.381175,1000,1643.97883
1120.416517,1000,1644.584842
1186.885103,1000,1645.191037
1147.0044,1000,1645.797642
1149.876628,1000,1646.407466
1109.68281,1000,1647.011892
1151.848894,1000,1647.617401
1066.000441,1000,1648.222615
1201.118563,1000,1658.10347
1135.451487,1000,1658.706862
1130.102748,1000,1659.308766
1128.29995,1000,1659.911302
1162.106162,1000,1660.513452
1141.194221,1000,1661.115367
1123.018326,1000,1661.719738
1232.266021,1000,1662.327397
1271.157961,1000,1662.932569
1165.720144,1000,1663.53693
1178.997739,1000,1664.142044
1213.669076,1000,1664.745922
1197.938296,1000,1665.352771
1210.907162,1000,1665.956321
1219.187513,1000,1666.561154
1126.489564,1000,1667.165362
1188.929565,1000,1667.775862
1217.893106,1000,1668.378628
1081.866872,1000,1668.982196
1179.060019,1000,1669.58919
1154.472268,1000,1672.825706
1218.262277,1000,1673.430893
1067.478844,1000,1674.034946
1241.229944,1000,1674.63952
1099.103353,1000,1675.246446
1172.124744,1000,1675.852302
1113.214496,1000,1676.456603
1151.563098,1000,1677.060292
1146.84642,1000,1677.664576
1155.455502,1000,1678.274098
1174.081972,1000,1678.878489
1172.992623,1000,1679.482174
1201.288665,1000,1680.088507
1206.45918,1000,1680.692731
1161.130493,1000,1681.295577
1181.53991,1000,1681.902067
1124.447202,1000,1682.50243
1164.513427,1000,1683.107511
1133.13667,1000,1683.708724
1214.793692,1000,1684.307704
1180.505096,1000,1694.370736
1219.959727,1000,1694.974216
1238.729321,1000,1695.579518
1204.34842,1000,1696.188236
1200.761618,1000,1696.793823
1234.415109,1000,1697.399145
1144.502474,1000,1698.003952
1172.381004,1000,1698.609565
1195.672367,1000,1699.221128
1211.257823,1000,1699.827305
1199.689043,1000,1700.434246
1188.886652,1000,1701.039868
1220.640176,1000,1701.651639
1119.9042,1000,1702.254168
1202.470804,1000,1702.855734
1143.025196,1000,1703.459304
1168.502472,1000,1704.070853
1185.668827,1000,1704.676902
856.079388,1000,1705.282552
1238.333504,1000,1705.890127
1103.067858,1000,1715.753773
1180.392502,1000,1716.360922
1173.950961,1000,1716.966395
1177.921642,1000,1717.571472
1122.474852,1000,1718.176302
1176.84639,1000,1718.780298
1166.319724,1000,1719.385275
1209.911376,1000,1719.994563
1223.010848,1000,1720.597395
1251.180468,1000,1721.199504
1225.991061,1000,1721.802404
1215.678519,1000,1722.405724
1235.674957,1000,1723.014678
1227.25018,1000,1723.616942
1182.67318,1000,1724.221161
1247.804524,1000,1724.823832
1234.439199,1000,1725.432662
1191.78826,1000,1726.036203
1265.802048,1000,1726.641882
1164.492596,1000,1727.243708
1193.722323,1000,1730.674254
1239.802258,1000,1731.275043
1288.045738,1000,1731.877455
421.348247,1000,1732.485043
1181.020063,1000,1733.101669
1232.507231,1000,1733.705382
1206.100846,1000,1734.311025
1243.237137,1000,1734.910591
1247.515081,1000,1735.513917
1195.089993,1000,1736.115968
1223.127678,1000,1736.717791
1191.222526,1000,1737.316426
1175.696742,1000,1737.916204
1158.30996,1000,1738.516714
1192.106414,1000,1739.121114
1154.918286,1000,1739.731264
1273.60519,1000,1740.336626
1189.042411,1000,1740.943113
1301.946655,1000,1741.544745
1152.528719,1000,1742.144683
1220.446821,1000,1751.932911
1301.244147,1000,1752.536398
1253.443166,1000,1753.139633
1215.561977,1000,1753.745346
1271.960225,1000,1754.35108
1323.463947,1000,1754.960378
1311.761145,1000,1755.566351
1286.447606,1000,1756.172472
1287.969299,1000,1756.78627
1246.624887,1000,1757.390347
1260.939082,1000,1757.99164
1345.461459,1000,1758.593407
1282.477139,1000,1759.194353
1308.101914,1000,1759.796223
1245.10615,1000,1760.397222
1278.194316,1000,1760.998259
1294.133645,1000,1761.599923
1308.479928,1000,1762.208362
1344.683563,1000,1762.812113
1265.281347,1000,1763.413065
1309.299661,1000,1766.758094
1323.856122,1000,1767.368861
1271.988537,1000,1767.977439
1282.975647,1000,1768.583011
1228.146788,1000,1769.187967
1240.131598,1000,1769.794317
1282.321813,1000,1770.399368
1208.158224,1000,1771.00448
1229.296067,1000,1771.609815
1352.669337,1000,1772.21531
1209.181254,1000,1772.827707
1277.010999,1000,1773.432038
1280.710567,1000,1774.03741
1280.375372,1000,1774.64352
1320.111924,1000,1775.247904
1301.413918,1000,1775.853367
1298.765459,1000,1776.460185
1327.248907,1000,1777.065169
1315.458748,1000,1777.677683
1272.309298,1000,1778.283071
1296.379633,1000,1787.447581
1274.834113,1000,1788.065915
1244.230646,1000,1788.674117
1296.480233,1000,1789.281965
1338.787669,1000,1789.889798
1254.265921,1000,1790.493835
1173.005463,1000,1791.100368
1221.430176,1000,1791.705962
1344.23545,1000,1792.310792
1301.46822,1000,1792.915738
1293.154815,1000,1793.524729
1305.215686,1000,1794.127642
1254.165961,1000,1794.732273
1246.44291,1000,1795.33501
1241.781406,1000,1795.939033
1260.316836,1000,1796.543968
1251.099663,1000,1797.152019
1325.577041,1000,1797.758972
1278.368923,1000,1798.367933
1326.828343,1000,1798.980329
1260.396954,1000,1808.908598
1280.47328,1000,1809.517661
1341.728358,1000,1810.1226
1251.894297,1000,1810.729069
1243.35823,1000,1811.335546
1265.802021,1000,1811.941198
1285.806861,1000,1812.545478
1313.542124,1000,1813.150085
1338.72867,1000,1813.755998
1271.579111,1000,1814.371626
1287.746618,1000,1814.975794
1318.150784,1000,1815.580331
1337.229449,1000,1816.185879
1272.380521,1000,1816.791964
1272.791121,1000,1817.397394
1322.24767,1000,1818.002845
1380.251584,1000,1818.611296
1360.993474,1000,1819.216239
1278.46292,1000,1819.825742
1382.676725,1000,1820.42947
1244.03911,1000,1823.696449
1268.349287,1000,1824.300772
1292.453809,1000,1824.911372
1337.439996,1000,1825.517442
1370.972082,1000,1826.123425
1326.878396,1000,1826.729701
1316.681876,1000,1827.335204
1348.769238,1000,1827.939892
1340.364649,1000,1828.545733
1251.203136,1000,1829.153631
1322.909849,1000,1829.760258
1283.372053,1000,1830.37192
1356.140932,1000,1830.978567
1356.930879,1000,1831.584504
1333.307591,1000,1832.190007
1391.423301,1000,1832.796124
1263.226622,1000,1833.401143
1274.154866,1000,1834.006981
1329.904283,1000,1834.613266
1316.10278,1000,1835.219992
1260.967587,1000,1845.018873
1297.738954,1000,1845.626491
1369.040863,1000,1846.237701
1268.708682,1000,1846.844003
1317.637305,1000,1847.449576
1241.010858,1000,1848.05563
1280.621218,1000,1848.660588
1301.311292,1000,1849.265353
1375.924973,1000,1849.873587
1333.95042,1000,1850.479049
1342.729712,1000,1851.089516
1336.76407,1000,1851.694665
1341.805764,1000,1852.298048
1250.927336,1000,1852.903149
1323.233679,1000,1853.508461
1278.941515,1000,1854.112478
1359.085341,1000,1854.718145
1219.075433,1000,1855.331889
1190.136393,1000,1855.949882
1211.416372,1000,1856.564526
1221.287922,1000,1865.481322
1354.838676,1000,1866.080499
1289.953752,1000,1866.681364
1306.166521,1000,1867.291096
1209.300134,1000,1867.898191
1269.190959,1000,1868.503194
1261.060975,1000,1869.108646
1335.27389,1000,1869.713218
1232.979161,1000,1870.31992
1253.463208,1000,1870.923398
1291.401926,1000,1871.528107
1322.607933,1000,1872.138357
1287.178241,1000,1872.741988
1342.731589,1000,1873.345254
1314.914609,1000,1873.948631
1320.497087,1000,1874.552372
1254.226196,1000,1875.155819
1267.043531,1000,1875.759655
1339.175809,1000,1876.362203
1320.860568,1000,1876.966679
1282.542546,1000,1880.26953
1258.742288,1000,1880.873805
1313.779956,1000,1881.480383
1315.294221,1000,1882.082145
1289.382318,1000,1882.690216
1307.454283,1000,1883.290904
1262.293251,1000,1883.892124
1287.310936,1000,1884.498652
1245.312916,1000,1885.105772
1213.603377,1000,1885.709711
1271.643567,1000,1886.311544
1310.332314,1000,1886.914447
1287.386118,1000,1887.518072
1300.237523,1000,1888.128837
1313.538867,1000,1888.732671
1347.780564,1000,1889.334821
1302.559545,1000,1889.939528
1274.252223,1000,1890.545038
1326.836149,1000,1891.149497
1284.376046,1000,1891.755678
